0.00471657 0.0146521 3.50661e-15 0.0502329 0.0391283 0.0531672 0.0242124 0.0154371 0.0273526 0.0731106 0.00017348 0.0182628 0.00178969 0.0361436 0.0696812 0.00225737 0.00379711 0.0627115 0.0635106 0.0114858 0.00280812 0.0611433 0.0214029 0.0113798 0.00108555 0.0519215 0.0375569 0.0800393 0.00272458 0.0666446 4.49116e-14 0.0620527 3.15168e-05 0.0132045 0.151378 0.0135079 0.1114 5.71054e-12 0.303963 0.12793 0.0489731 
0.019824 0.0195157 0.000374211 0.0221717 0.0142846 0.0609945 0.0184136 0.010266 0.0192642 0.033705 0.00169751 0.0157588 2.56176e-10 0.00045671 0.170529 0.0014498 0.000236463 0.0407581 0.0270693 0.00657138 0.00200677 0.0547661 0.0285995 2.95383e-14 0.00211711 0.0719072 5.706e-07 0.155478 3.89086e-11 0.0173878 0.00660499 0.000531173 0.000115167 4.87266e-09 0.31273 0.0592626 0.00150618 0.000230918 0.245112 0.322927 0.31792 
0.0077167 0.0209762 2.44734e-06 0.000703188 0.00919305 0.0103049 0.0378066 0.00214352 0.0424962 0.0561074 0.000620004 0.00241198 0.000125342 1.32278e-14 0.177581 8.71498e-06 3.79997e-08 0.0882748 0.0530817 0.0268648 1.19968e-12 0.106165 0.0192733 6.89424e-06 0.000259706 0.0870569 3.60433e-08 0.272822 0.0410973 9.43298e-05 0.0663104 0.00184194 0.00155032 0.00233327 0.031899 0.0446183 0.00765922 0.0729443 0.0266296 0.435459 0.309048 
0.00217745 0.0482585 8.17878e-06 0.000301886 0.0090792 0.0371618 0.0312932 2.7221e-06 0.0578901 0.0491717 3.1631e-08 0.0011845 0.000766274 1.60501e-14 0.145913 0.00331989 3.41446e-07 0.0854968 0.00842277 1.15291e-05 0.00163602 0.1671 0.000453326 5.19257e-05 6.95456e-10 0.0841145 0.00556482 0.107534 8.44256e-05 0.00145262 0.0399768 0.00178218 2.96858e-05 4.5494e-06 0.112748 0.0261565 0.204228 5.81121e-09 0.00314826 2.56928 0.20311 
0.00918745 0.0166253 6.13458e-05 0.00485346 0.000526067 0.0702721 0.000111196 1.15411e-14 0.086648 0.0536885 1.57851e-11 3.52685e-06 0.00115851 0.00213471 0.110458 3.54346e-05 1.42154e-09 0.127857 0.00389566 4.70461e-05 4.82494e-05 0.166245 0.000653161 0.00092908 4.47915e-06 0.0515588 0.00235243 0.297497 2.12012e-09 0.000602077 0.0346738 1.15702e-12 0.0398487 1.38496e-05 0.297323 0.000796475 0.19387 2.1758e-11 0.0639212 2.21937 0.1364 
0.000772676 0.0133764 5.76399e-06 0.00215695 0.000489879 0.0774966 0.00185257 7.01308e-13 0.058671 0.0647851 4.0642e-06 0.000458605 0.0160784 1.96532e-08 0.24503 0.0213338 4.30638e-05 0.119728 0.0210188 0.000579742 0.000844508 0.127616 3.88448e-05 0.0012441 0.00682644 0.00273552 0.00119581 0.0381251 4.59955e-08 0.000810279 0.144157 0.00482381 0.0161758 0.0400539 0.193518 2.51603e-07 0.00440291 0.0124559 0.217469 0.725344 0.378349 
0.000784871 0.039968 2.02453e-05 8.12187e-10 0.00420027 0.0635003 0.000176125 2.47892e-05 0.0699115 0.0496635 0.000474244 6.84851e-06 0.00461372 0.00112293 0.204596 0.01027 0.000699901 0.0207494 0.0618876 2.58501e-08 0.000418241 0.212948 0.00259558 5.35816e-07 0.00646587 5.6449e-06 8.14814e-25 0.00428301 0.00408009 0.047107 0.0688366 4.81932e-06 0.0261365 0.0153578 0.339456 0.00347469 0.0174417 3.08664e-07 0.00350126 0.495928 0.272392 
5.91338e-06 0.0350164 0.00037295 0.000269531 0.0102953 0.0530562 0.00631366 0.000952759 0.0786739 0.00757467 0.000530669 1.58423e-06 0.000325599 1.68382e-09 0.21291 1.70469e-05 1.1222e-07 0.0052819 0.11643 9.89629e-08 2.36468e-07 0.196225 0.0311286 4.06881e-06 0.0262814 2.6204e-07 0.00145118 6.25471e-12 0.00833006 0.147019 0.055956 7.12422e-07 0.0823696 2.05666e-07 0.201406 0.0205691 0.00464216 7.46522e-10 0.000662456 1.24553 0.40811 
9.20899e-05 0.0266358 1.25807e-08 0.000198183 0.0326843 0.0915786 2.23067e-07 9.58947e-16 0.0692681 5.67208e-08 1.38905e-07 0.000611388 0.00160808 0.0167593 0.131224 1.71696e-06 9.67268e-06 1.81902e-05 0.0574021 2.99775e-05 0.0136266 0.153607 0.0641015 0.00133817 0.014923 6.56952e-05 0.0234704 3.72956e-10 0.000115464 0.0850781 0.0758445 0.0136743 5.59013e-05 0.0188815 0.273422 3.77007e-05 0.0200395 4.3758e-27 2.9788e-10 0.714635 0.0906036 
0.0017964 0.0138001 1.28383e-07 0.000565075 0.0691747 0.0355179 0.001076 0.0014115 0.0725713 2.54684e-06 0.000812873 2.42415e-05 0.0108902 0.0395808 0.0649661 0.000484492 0.000657388 0.00102965 0.0100317 4.90549e-05 0.0504393 0.320456 0.0480448 1.84263e-06 0.015077 0.00740277 2.65298e-05 0.00895762 0.0931186 0.0947206 0.0327288 4.26862e-07 5.0801e-05 0.0840913 0.121648 3.25141e-27 0.00669267 0.00475035 0.00306169 0.352285 0.462996 
0.000251833 0.0258568 1.68031e-06 0.000513636 0.0405994 0.00720261 3.57091e-05 3.21534e-17 0.105643 0.00159408 0.000612714 0.00140116 0.0191121 0.0316191 0.150095 5.46611e-16 5.6469e-05 1.20803e-05 2.46634e-06 3.16486e-09 0.10521 0.252766 0.0555003 0.000649085 0.0116593 2.38008e-05 1.24294e-05 0.0126387 0.046389 0.0299633 0.000226542 0.157898 0.0358148 0.197795 0.12129 1.56417e-06 3.12401e-05 0.172466 0.000119961 0.246842 0.164786 
8.69509e-18 0.0381778 0.00153865 0.000562012 0.0663131 2.77116e-05 0.00952474 1.41416e-10 0.116104 1.05743e-05 2.20692e-06 2.79106e-09 0.0403521 0.113166 0.083397 0.000474632 1.50903e-05 3.60348e-05 8.54565e-11 8.45447e-06 0.0877957 0.215311 0.0515971 2.81671e-10 0.0174518 0.000325042 2.30152e-06 1.2304e-05 0.0647305 0.0199605 8.78757e-11 0.0673834 0.016746 0.035586 0.119641 4.86977e-07 2.88162e-10 0.000490428 3.50878e-10 0.498997 0.118486 
9.67175e-17 0.0178903 8.72888e-06 1.74212e-06 0.0497055 1.05518e-05 0.0033557 0.0338566 0.105306 0.000116064 1.31064e-05 6.58294e-06 0.0263685 0.0492454 0.115392 0.000101376 0.0653165 0.0129978 0.000694668 1.44938e-06 0.0610035 0.179743 2.80103e-06 9.95579e-08 0.000210816 5.75454e-26 1.49671e-07 0.00066806 0.00840987 0.0244622 7.89043e-09 0.073649 0.172081 0.117114 0.215004 3.74754e-12 8.35381e-05 9.65424e-07 0.0118058 0.435666 0.380051 
2.05724e-06 0.0279779 0.0269574 1.85908e-05 0.056866 5.07277e-28 2.3147e-11 0.0139878 0.075965 0.000533214 0.000157126 1.43031e-05 0.00588185 0.114592 0.044579 9.28731e-13 0.038145 0.0196524 0.00185746 1.82226e-06 0.0166193 0.154458 4.58937e-05 1.36217e-07 0.000191485 1.22176e-13 1.23938e-05 3.17511e-12 5.59861e-09 0.148092 6.67495e-16 0.000285226 0.347401 0.0279634 0.0877336 0.00102021 3.89639e-15 5.00167e-06 2.748e-06 0.184819 0.488127 
2.03048e-11 0.009821 0.0388243 0.000115562 0.0573244 5.45894e-05 0.035172 0.00699913 0.0673381 0.000122939 8.8704e-07 4.45422e-06 0.0229851 0.0647664 0.00642047 0.000320362 0.0527696 0.00968621 3.06136e-09 0.00437601 2.82461e-16 0.207908 0.00530495 4.03118e-12 7.54517e-06 2.40062e-07 0.00177085 0.0011781 1.15994e-15 0.180968 0.00364738 2.04572e-07 0.0309418 0.0537307 0.0706126 0.000749484 0.000302709 0.000809028 2.71436e-12 0.108415 0.358993 
2.35655e-14 0.0223404 0.0440373 0.00105645 0.0296933 1.52062e-05 0.0112323 1.89641e-05 0.0371994 2.66501e-07 4.16396e-11 6.51788e-05 0.00591415 0.0133974 9.53601e-05 0.00273679 0.0869372 0.017118 7.36664e-16 0.00579528 0.00152567 0.176626 4.15915e-05 3.69749e-13 0.00741823 3.51655e-07 0.00262406 3.21337e-11 3.59578e-06 0.350187 0.0083489 9.6415e-13 0.000107643 0.0677348 0.109305 1.73773e-05 9.9245e-05 0.00272072 9.30879e-13 0.082831 0.782322 
0.000185609 0.0142995 0.0253556 0.00234429 0.0120319 4.11584e-08 0.000173293 3.6916e-14 0.0647306 4.75465e-05 2.14262e-11 0.0109247 6.43251e-05 0.0410891 1.32303e-06 0.0111245 0.0365866 0.00448902 0.00113635 5.9374e-08 1.4088e-10 0.287559 5.19311e-09 0.000485826 0.000253949 7.72612e-05 0.000199362 4.9802e-13 4.9786e-05 0.292642 1.15816e-10 2.64059e-06 0.00157554 3.70633e-13 0.0811475 0.00257055 3.09066e-07 3.31244e-06 5.50309e-09 0.0478766 0.638948 
0.00252498 0.00827322 0.0183384 4.37817e-05 0.00880441 1.44536e-16 5.7178e-05 0.00161899 0.0815695 0.000443377 4.49207e-16 0.0115848 0.000915864 0.0184768 1.97965e-05 0.016542 0.018126 1.96223e-07 0.00145123 1.69629e-11 1.89816e-06 0.128497 0.000217643 5.09144e-13 1.66289e-05 0.00249498 0.0128278 2.19956e-05 0.0021422 0.0601454 9.55754e-09 1.9346e-05 0.00712318 2.26105e-07 0.167485 0.0294393 0.000245643 4.16654e-05 0.0117453 0.168295 1.39443 
0.00243018 0.00519746 0.0293359 3.22675e-05 0.00692809 6.07961e-07 0.000208594 2.00928e-11 0.077164 1.73915e-08 1.3933e-06 0.00793452 3.0324e-08 0.000470798 0.00601962 0.00759258 0.0356849 3.18537e-05 1.11979e-06 3.49241e-05 8.94681e-05 0.0989355 3.10637e-07 1.00618e-11 6.18022e-06 0.00046862 0.0126953 0.0127863 2.77996e-21 0.0884469 0.00459792 1.48127e-07 0.0131518 0.0645564 0.0818868 0.00683722 0.00013285 0.0117433 0.000170687 0.183925 1.37587 
0.000607751 0.00475424 0.0114952 2.15639e-16 0.013752 0.000433348 2.23599e-08 5.159e-11 0.0816217 1.58309e-09 0.000159106 0.00674282 2.43865e-05 8.49997e-07 0.0121302 0.0218778 0.0679816 2.10206e-13 2.13251e-05 0.00107813 0.00552007 0.124476 0.00047419 1.0615e-13 1.19781e-09 6.70293e-06 0.0223792 0.00265464 8.16741e-08 0.0467731 0.0452689 0.00010054 1.73603e-05 0.199137 0.115664 0.00632333 0.000172712 4.01997e-05 0.00108994 0.344441 1.06222 
1.3216e-05 0.000820924 0.0149108 0.00501777 0.0164537 0.000240638 2.44349e-05 6.04169e-05 0.0325942 1.52766e-07 5.27215e-12 0.0466147 7.23795e-06 1.06432e-05 0.00862811 0.0186455 0.0730933 1.64906e-21 0.00598586 0.00172018 5.37829e-08 0.122743 0.0271961 5.70395e-05 2.99611e-06 0.00190042 0.0245232 6.33305e-05 1.42117e-05 0.0552444 0.0293991 0.0567223 0.00185055 0.0993877 0.000164898 0.034932 2.44724e-05 0.0169269 1.5844e-12 0.400724 1.12107 
3.4695e-23 0.00173517 0.0229019 0.00403288 0.0182749 0.000488423 4.49532e-15 0.00394715 0.0166983 1.66909e-05 2.22494e-11 0.0561508 1.53614e-05 0.0122974 0.013694 0.020126 0.0866896 0.00220394 3.5203e-05 7.8275e-06 0.000231802 0.131052 0.0281208 0.000824673 6.98445e-11 1.59463e-10 0.0316446 3.61542e-11 3.77015e-08 0.113499 0.081007 0.156603 0.0536634 0.112739 3.9969e-06 9.42929e-09 4.07827e-07 1.56772e-05 5.17232e-13 6.01308 1.04941 
1.22315e-06 0.00326756 0.0268155 4.29583e-14 0.00881651 0.000898534 2.71491e-08 0.012684 0.0217008 2.28237e-05 3.811e-06 0.073901 0.000866377 0.0185068 0.0240007 0.00492791 0.104437 1.10721e-13 9.73783e-11 0.000828526 0.0110124 0.0759697 0.0113883 1.79958e-08 2.01837e-05 0.000202499 0.0146151 0.00525503 4.61377e-13 0.0640236 0.00676413 0.275487 0.00540946 0.0645939 1.57859e-06 0.0109045 0.00807177 0.000127171 1.2868e-07 0.994033 0.704794 
8.03554e-07 0.00103365 0.044692 1.58554e-05 0.0134491 0.0125995 2.64255e-05 0.0190439 0.0229174 0.00173788 2.83092e-05 0.0807895 4.81867e-05 0.0518467 0.00567675 0.0290574 0.14558 6.69654e-10 4.70654e-11 0.00303069 0.0184362 0.0849635 0.0178097 0.00263929 1.3002e-05 3.59868e-08 4.69958e-15 0.000280513 2.51984e-08 0.0875405 8.28369e-05 0.244153 9.23481e-08 0.102053 0.169642 5.9375e-05 0.000437405 7.45048e-07 4.96743e-18 8.05705 0.437004 
0.0033796 2.8335e-05 0.0713532 2.19862e-05 0.00183648 0.0158904 6.38047e-06 0.00881952 0.0215536 0.0336764 0.000526016 0.0387543 3.48461e-05 0.0273312 0.0305143 0.0182903 0.17145 0.00423379 3.73682e-13 1.1801e-05 0.00161594 0.166205 0.0487097 1.04113e-09 2.36751e-11 0.00449437 4.30619e-07 1.50355e-08 1.67792e-07 0.108424 0.000462085 0.0364509 7.55861e-26 0.000145734 0.234988 3.193e-08 0.000154644 0.210686 0.000403035 7.09401 0.421601 
0.000183232 1.15423e-30 0.0576388 0.000218228 0.0152037 0.0220354 0.000608964 0.0404245 0.02899 0.0394383 1.16389e-08 0.0322478 1.43416e-05 0.0483088 0.023893 0.0215932 0.238013 3.66733e-13 1.16832e-05 0.00158387 0.000819777 0.181091 0.0152114 0.0259372 2.11627e-07 0.0163945 0.00316355 4.9806e-05 4.7264e-08 0.0604762 0.00307394 0.00129149 0.000138484 0.00661204 0.270418 4.22547e-05 0.211506 0.000299769 0.000998437 0.610022 0.538888 
0.00351259 1.46781e-11 0.0484668 3.78746e-10 0.000436591 0.00974547 5.75275e-07 0.0566619 0.0150268 0.0062634 1.84388e-08 0.0129179 0.000887878 5.91464e-12 0.0121668 0.00243531 0.105312 9.75906e-07 0.000468382 5.48295e-05 0.000104455 0.0663805 0.00995357 0.00169469 1.78574e-06 0.0446544 0.0189829 0.000448014 0.00302106 0.0849104 3.94738e-11 0.00751957 2.82815e-06 8.0853e-11 0.0673994 2.65766e-06 0.241131 5.25149e-14 8.44087e-06 0.454403 0.862528 
3.3141e-05 0.000307668 0.00927925 1.22938e-11 0.0013446 0.0443965 3.0387e-10 0.0238956 0.00880003 0.00976667 0.000109719 0.0147181 1.60327e-08 2.05089e-15 0.0302298 0.00187525 0.0226869 0.00038283 2.13046e-08 1.24433e-05 3.67714e-06 0.0583 0.103565 4.27611e-07 3.62935e-05 0.0333189 0.122349 0.0125655 6.14233e-10 0.0488096 2.0096e-06 0.00452779 7.6751e-11 2.17385e-05 0.0866155 4.53417e-17 0.0236037 5.83778e-11 0.000197118 0.663389 1.0712 
4.46024e-05 0.00583197 0.0153222 3.63824e-07 0.0262929 0.0283855 1.16495e-05 1.07626e-08 0.0227381 0.0148873 1.16103e-08 0.0249929 7.84492e-05 1.56468e-05 0.118208 0.00287804 0.0244138 1.02765e-07 5.48037e-19 3.01032e-14 9.21479e-10 0.0619117 0.0615182 0.000264449 0.000579953 0.0156122 0.0768465 0.0036382 0.00261395 2.39758e-11 7.41482e-05 5.33951e-06 0.0116692 0.00276259 0.203047 3.05666e-06 9.35488e-07 4.98384e-07 7.41718e-11 0.620903 0.530826 
1.12001e-09 0.024795 0.00793196 1.78025e-15 0.00707809 0.0501586 1.28201e-26 2.33991e-05 0.0496481 1.63634e-08 2.09706e-05 0.0645949 2.61869e-07 6.78416e-05 0.0947785 0.00683941 0.0180674 3.81735e-06 8.27086e-07 0.00175303 2.68812e-11 0.075698 0.0689869 2.31389e-11 0.00136502 0.0664249 0.0120951 4.17661e-14 1.24149e-14 1.82863e-07 9.02658e-06 0.00274863 3.81008e-05 2.31753e-08 0.128106 2.81153e-07 5.55678e-07 7.59441e-11 0.00511627 0.892202 0.584034 
2.68127e-27 0.0210852 0.0105456 1.33217e-08 0.00507368 0.118331 2.07948e-07 5.28866e-05 0.0241536 0.00462438 2.31926e-10 0.0341891 5.75108e-07 0.00122359 0.0646584 0.000167121 0.0365144 1.55272e-11 0.00281585 0.00552894 1.26295e-11 0.121303 0.0848795 3.2958e-06 0.00215369 0.159868 0.0224839 0.00197515 2.47961e-05 1.66652e-08 1.97207e-14 8.02766e-08 8.74074e-08 1.00263e-05 0.259531 0.0109075 0.00196424 2.73884e-06 0.0933267 0.496 0.694953 
4.27758e-08 0.0208984 0.00740389 0.00365927 1.74367e-10 0.0730127 4.54693e-07 0.000949152 0.00424025 0.00771616 9.53737e-08 0.00477942 0.00194557 6.59544e-07 0.0435993 2.77642e-05 0.0727392 2.01691e-06 0.00405493 0.000935342 1.17245e-05 0.0482192 0.0469731 3.59521e-08 1.31456e-06 0.156555 0.0151773 0.000744175 9.89212e-07 0.0287343 0.00284621 0.00465123 5.52094e-09 2.03364e-08 0.182957 0.00709001 0.0908557 1.88947e-05 0.103844 0.555857 0.757797 
4.3595e-07 0.01406 0.00555387 0.0146423 0.000824049 0.0675046 8.76778e-12 0.0015495 0.00305377 0.000287964 1.28201e-14 0.0183894 5.45497e-07 0.00337119 0.0954034 1.29321e-07 0.0523978 2.4947e-08 0.00597231 6.72004e-10 0.00840728 0.0689418 0.0659734 3.92139e-10 0.000198705 0.130136 0.0517902 1.64557e-07 0.00156877 0.0133686 0.0463816 9.66119e-06 0.00114146 1.2661e-10 0.330993 0.000853588 0.287107 0.00188566 0.0440491 0.278959 0.551939 
0.000372985 0.00936938 0.000271061 0.00201981 1.24932e-06 0.0698681 5.27471e-15 0.0031588 0.0182578 0.000640698 8.2117e-06 0.0313949 6.74323e-08 0.00313819 0.107889 6.71936e-10 0.119497 0.000414663 5.50693e-07 0.0139369 0.0431687 0.049996 0.0620421 9.65201e-07 3.34076e-09 0.0679532 0.0107576 0.0374156 7.44694e-06 0.000897612 1.01274e-10 0.00100637 6.88876e-06 2.36875e-06 0.354639 5.27506e-06 8.50105e-06 0.000125819 0.235891 0.840466 0.845544 
0.00370191 0.0129042 0.000445677 5.43357e-06 3.15414e-09 0.0424202 1.02805e-07 5.1103e-08 0.00354386 7.33518e-06 0.000291925 0.0516957 8.65974e-09 6.56137e-11 0.127852 0.000182755 0.0232685 6.13078e-09 4.28667e-07 1.14696e-13 0.00569489 0.0161008 0.0316448 4.83009e-11 0.000148333 0.0776048 1.15222e-05 0.0224178 7.96129e-07 4.71948e-07 0.000323492 0.000843258 3.13144e-07 1.72093e-12 0.278978 4.4499e-06 1.30436e-10 1.36316e-12 0.0446693 0.508297 1.3162 
0.000228823 0.0081841 5.53147e-09 4.29753e-06 0.000161692 0.0452421 4.76002e-09 3.52998e-11 0.0247228 8.24403e-05 2.35879e-15 0.0207037 3.08082e-09 2.1404e-07 0.0525664 0.0122437 0.0133382 0.0251307 1.73533e-06 0.000272506 1.7109e-06 0.0458941 7.18617e-11 0.000214692 1.35028e-07 0.0539745 0.0308192 0.0452648 8.12844e-06 0.000170277 0.000349056 1.29872e-08 0.028194 0.000448861 0.173914 1.14411e-08 0.000115274 1.67718e-05 0.0345951 0.644497 1.35273 
0.000654085 0.0113616 0.000540094 5.67436e-10 1.99972e-09 0.0399962 0.00198426 0.00639087 0.0228263 0.0136337 9.68001e-07 0.0260264 0.00032864 0.000162611 0.0787141 0.00444458 3.10229e-05 0.0124588 1.46041e-07 9.36706e-05 0.000236581 0.0406801 8.4145e-05 0.000155449 1.81616e-09 0.0825197 0.0711815 0.0386097 4.36693e-05 2.08149e-08 5.85456e-05 8.52621e-06 0.0199074 4.57836e-06 0.115216 0.0067982 0.00290448 3.31196e-06 0.0637642 6.41063 1.08178 
5.99249e-10 0.0154412 0.00221336 0.00712874 1.37743e-06 0.0513179 6.69279e-08 2.31075e-09 0.0062583 0.0159739 0.000180886 0.0236493 3.95107e-06 0.000125825 0.104605 0.00691343 0.0192945 0.000268369 9.19009e-08 4.90263e-13 0.000149829 0.0438468 2.91005e-13 6.42074e-06 2.86075e-05 0.0408822 0.0458976 1.88468e-07 1.54022e-08 2.50939e-05 6.97695e-07 0.0167119 0.104982 2.66161e-06 0.0375875 2.8655e-13 0.0291623 1.84732e-11 0.0186647 0.500468 1.23547 
1.92106e-07 0.0492325 0.000263835 0.0216382 0.000128014 0.026179 2.76558e-06 8.605e-05 1.68529e-07 0.0318377 0.0109312 0.000152043 5.0616e-08 2.72992e-13 0.0895576 0.00425399 0.0309191 2.03815e-13 4.67161e-06 6.30905e-05 4.6274e-11 0.00323398 0.00757662 1.68356e-06 7.87083e-08 0.0836806 0.023013 1.20745e-06 6.63998e-05 5.20089e-13 9.01058e-06 1.67373e-13 0.217584 1.98066e-07 1.09593e-08 7.83207e-09 0.000730525 1.65821e-13 3.237e-23 1.04784 1.14192 
6.34599e-08 0.0256213 1.42491e-06 0.0167998 5.25535e-05 0.0308592 2.18597e-06 3.74094e-05 7.17257e-05 0.014296 0.0170637 5.52771e-09 1.40805e-05 1.975e-06 0.149318 1.28054e-06 0.0288331 0.00526364 0.000584545 6.36364e-07 3.55063e-05 0.0230307 0.0421372 3.96081e-12 2.32201e-08 0.0497052 0.103473 0.00299962 4.47534e-09 1.44055e-08 0.000368833 8.37722e-14 0.377093 5.68194e-09 0.000902206 3.14337e-05 3.47013e-13 6.66101e-05 0.00016971 1.33457 1.03579 
5.43846e-07 0.0249133 2.16222e-06 0.0759154 3.9176e-05 0.0262228 1.65162e-06 1.21649e-11 1.22895e-13 0.00935429 0.0121387 5.93975e-09 1.51379e-05 2.12176e-06 0.134571 1.28837e-06 0.0699985 0.00584503 0.000649079 7.07509e-07 3.94756e-05 0.00449754 0.0279035 0.000273781 1.43255e-12 0.00375884 0.061987 0.0505819 2.07938e-10 0.000110613 2.00887e-08 8.16487e-06 0.204933 0.00152586 1.86556e-07 0.000235719 0.000122186 3.61872e-13 7.15738e-05 1.01186 0.841167 
0.00129989 0.0201764 0.00271188 0.0453821 5.57739e-09 0.0117301 2.00054e-06 0.00424075 9.74888e-07 0.0211329 0.00396183 0.000424953 4.61187e-07 2.52974e-05 0.102291 6.38744e-05 0.0206043 0.000243881 4.86755e-08 2.7306e-09 7.58273e-09 0.0304516 0.0450119 5.33057e-08 8.41313e-05 3.28266e-05 0.0388819 0.071004 8.75471e-09 1.8879e-10 0.000210342 0.000308403 0.338156 0.000889212 1.80805e-12 1.67639e-08 1.4014e-06 9.79429e-05 0.00135643 0.48479 0.677951 
4.93883e-07 0.0382791 9.57054e-07 0.0274384 0.0036949 0.028484 4.4334e-07 0.00545101 1.61845e-13 0.0362821 0.0151609 3.3902e-08 1.89387e-09 5.1884e-09 0.18377 3.60831e-14 0.0451168 1.33802e-09 0.000218655 2.88989e-05 8.25944e-14 0.00909513 0.0533307 6.11487e-13 7.64677e-09 5.06946e-19 0.0832916 0.120899 0.000249136 0.00463849 1.05471e-12 3.93623e-08 0.161624 1.07293e-12 3.1477e-07 0.0210941 0.000845048 4.80149e-12 3.09926e-07 1.37122 0.896358 
0.000261692 0.0294147 0.00050546 0.0115052 0.00018086 0.0155473 1.8859e-12 3.31365e-08 8.15694e-07 0.0214908 0.011364 1.61682e-09 4.38148e-09 0.000104746 0.14912 3.47208e-08 0.0807652 2.50782e-05 7.1849e-14 1.30702e-05 3.02939e-05 0.0408264 0.0284154 0.000145672 0.000773167 4.90959e-13 0.0467227 0.0755927 0.000414206 3.21646e-06 2.16623e-12 1.14965e-07 0.0915713 2.27709e-14 0.0424407 0.000562279 0.000163246 9.40584e-10 1.63498e-08 0.714993 1.34125 
5.30203e-09 0.0180428 8.99774e-10 0.0290965 2.48439e-09 0.0200153 1.28414e-14 2.48796e-24 6.78347e-06 0.0178224 0.0119229 1.13135e-05 3.1563e-14 5.79548e-06 0.0839806 0.00298254 0.0324806 0.00177671 0.00028573 9.37763e-12 4.06148e-05 0.0399207 0.000187069 3.80369e-13 4.385e-09 2.76088e-07 0.054905 0.0335285 0.00397934 2.10876e-06 0.002623 0.00236925 0.0561458 0.000639501 0.197956 6.46021e-11 2.47973e-22 9.53246e-09 4.72879e-06 0.836905 1.12315 
2.05811e-06 0.0120889 1.42059e-14 0.017457 5.09654e-10 0.0486667 1.12889e-05 3.13089e-14 5.82917e-06 0.00393768 0.0222436 2.14949e-13 8.10783e-09 1.83181e-19 0.114661 0.0102624 0.0659566 0.00153435 3.36982e-13 1.17836e-08 2.56997e-07 0.0497516 6.94716e-08 0.0172913 5.80923e-05 9.18795e-13 0.123372 0.0207265 1.52783e-15 0.0220766 2.93261e-11 0.000401452 0.168865 0.000703895 0.202724 7.05877e-11 2.70843e-22 1.04693e-08 5.71315e-06 0.868049 0.874446 
2.2912e-05 0.0168452 3.40088e-14 0.0162832 2.14483e-09 0.0285918 1.91025e-19 4.42002e-05 6.25394e-05 0.0102914 0.0256444 2.32456e-13 8.09844e-09 1.73543e-07 0.122312 0.00275251 0.066723 1.03259e-06 0.00119253 0.00102812 9.01226e-16 0.0608978 1.45142e-11 0.050558 7.37785e-16 1.33464e-07 0.0795813 0.082106 0.000404124 0.0431301 1.53814e-10 1.58935e-22 0.187559 0.000465171 1.30785e-09 3.14754e-08 2.99812e-05 8.47305e-08 1.59405e-12 0.292552 0.883768 
1.8604e-09 0.00812076 5.8863e-12 0.0115343 9.01554e-09 0.0360492 2.00164e-13 6.91646e-09 1.50409e-07 0.0043767 0.0278983 0.00157543 6.86616e-07 0.000784783 0.143357 7.63051e-16 0.0710289 1.21684e-11 0.000161293 0.0194719 0.000225057 0.0848797 7.48895e-11 0.0809996 4.27121e-05 3.59818e-10 0.0345794 0.0025727 8.35701e-10 4.65262e-13 3.54572e-23 7.18106e-05 0.186999 7.20419e-06 9.32766e-19 1.09341e-06 4.50559e-06 0.0033905 6.92144e-05 1.17293 1.07133 
4.50014e-05 0.0104926 8.99541e-14 0.00536631 0.00105137 0.0462693 0.000137599 1.92451e-08 3.92568e-07 0.0176518 0.023373 1.8908e-05 1.02473e-10 1.54944e-09 0.139684 0.0333318 0.0860608 0.00170543 5.94567e-11 5.80536e-23 2.19027e-09 0.0317626 3.13539e-10 0.0276787 3.90549e-10 2.69991e-13 0.088099 3.41526e-19 1.52849e-06 1.88573e-06 0.00144197 2.6492e-05 0.349112 0.00411044 0.0253411 4.82911e-08 0.000742322 9.55024e-06 5.30581e-06 3.25563 0.854385 
1.26864e-07 0.0253105 0.000580011 0.0167109 4.2786e-16 0.112217 6.99656e-12 8.98651e-05 1.00623e-15 6.07431e-08 0.00328807 0.0271308 0.000131277 0.00115869 0.0806712 0.0315785 0.10363 1.97103e-07 0.000105462 3.01096e-10 2.7907e-08 0.0245964 0.00858753 0.00135858 0.00033554 6.92834e-09 0.041767 3.54857e-19 1.5896e-06 1.91234e-06 0.00143879 2.64297e-05 0.376119 0.00440667 0.0271674 5.20255e-08 0.000799435 1.03383e-05 6.35655e-06 6.27321 0.541433 
0.00152344 0.008334 1.96119e-05 1.05467e-10 1.55849e-09 0.137291 0.0295026 0.00014157 0.00126416 4.24589e-11 0.00734766 0.0518469 2.10537e-10 1.91607e-08 0.0612962 0.0850304 0.160059 0.000947791 6.72709e-09 5.20726e-10 2.62762e-07 0.105512 0.00478071 7.21599e-09 2.08123e-05 3.03228e-07 0.0621634 0.00194223 0.0123176 1.00763e-07 0.000412358 5.34485e-06 0.329208 0.000106971 7.90592e-07 4.69381e-29 1.04003e-06 0.00190928 5.25625e-09 4.80514 0.540016 
0.00255546 0.0110833 3.66063e-11 3.52771e-23 1.27969e-09 0.0731937 0.000728532 0.00543359 0.000278385 0.00444723 0.0252431 0.0379635 3.78802e-08 1.25189e-06 0.0690303 0.0495611 0.172865 1.35917e-05 0.00178146 0.0074947 5.51559e-08 0.107531 3.12232e-06 1.59979e-06 8.67826e-12 2.6924e-13 0.0717757 3.82231e-07 0.00066523 1.27811e-09 5.23523e-05 7.80321e-10 0.330626 2.05673e-13 1.13899e-12 0.000349974 2.20706e-07 5.82394e-16 0.161936 1.19221 0.406789 
0.002078 0.00761564 5.83765e-10 1.34678e-13 9.51557e-24 0.110665 3.8485e-09 2.92704e-10 1.4762e-07 0.000987361 0.0636411 0.0263021 0.000589619 1.03658e-05 0.0517419 0.052552 0.195305 0.00744722 5.45867e-08 0.000214589 2.66001e-06 0.102972 3.35792e-05 2.48173e-07 1.81136e-29 3.02356e-07 0.160287 1.25841e-08 0.000665157 1.25915e-09 5.11277e-05 7.60643e-10 0.199345 3.0871e-07 4.13232e-06 0.000361473 2.27916e-07 6.02992e-16 0.179036 0.62211 0.402769 
0.00278676 1.29956e-19 5.68253e-07 5.88353e-07 0.000413107 0.106052 2.16408e-08 1.18919e-05 0.000257037 0.00318636 0.037925 0.0202855 6.22766e-10 1.66776e-07 0.0254937 0.000554541 0.210626 2.25599e-13 5.52414e-10 0.0172461 2.82828e-16 0.0269429 4.37287e-10 9.53339e-11 1.01199e-15 2.83966e-11 0.164604 1.03637e-08 3.29272e-06 0.000277296 0.0138216 8.29705e-05 0.724088 0.00623165 0.00274299 0.000129142 0.115027 3.1146e-10 3.90858e-12 0.0967294 0.38972 
0.0113421 1.90538e-08 1.04703e-05 0.000219533 0.00272145 0.097251 3.06073e-08 0.000118178 1.46833e-06 7.52331e-07 0.0740596 0.00553613 0.00285424 1.52117e-13 0.0165858 1.74035e-07 0.304929 7.92077e-09 0.000417776 7.08677e-10 2.80931e-05 0.0432656 6.57488e-05 1.01685e-07 4.54418e-07 0.000439958 0.0882052 6.1606e-05 6.16913e-17 0.0031953 0.00148633 0.000280098 0.581115 2.67993e-10 2.24835e-12 6.44022e-15 0.0467009 2.90224e-06 2.67776e-07 0.079651 0.492645 
0.00498328 2.53199e-08 9.77633e-05 1.17885e-06 6.0401e-07 0.117845 1.10523e-11 1.14465e-13 2.8116e-10 0.00861216 0.139875 2.22699e-10 0.00633168 0.000226426 0.0114354 2.52307e-05 0.124081 2.65479e-07 0.00071204 0.000126188 0.0291565 0.0421497 0.00624489 6.91708e-07 1.15767e-08 1.64787e-09 0.0750975 0.0106068 5.68785e-11 1.45205e-09 3.79672e-07 4.88142e-09 0.642736 3.11779e-05 1.31853e-05 0.00633113 5.59502e-14 0.0187367 4.5951e-09 0.227748 0.329622 
0.00320011 1.20227e-07 0.000203108 3.38e-10 1.30164e-05 0.0575926 2.88751e-05 4.46574e-08 6.15324e-07 0.000198891 0.0804014 2.51055e-05 0.00472011 0.00382011 0.00439199 9.84755e-07 0.160375 1.41188e-09 1.29483e-08 6.03201e-08 0.0117311 0.0173723 0.000420907 6.50878e-05 5.30821e-10 0.00732804 0.0951831 2.24972e-06 5.00987e-06 1.46871e-09 4.21168e-12 0.00155048 0.367544 7.34951e-10 0.0071071 2.01116e-06 1.29671e-07 1.51458e-06 4.19773e-06 1.03753 0.609714 
0.00497155 2.15606e-05 3.33449e-08 4.46348e-07 0.000144273 0.0865372 1.77565e-05 1.72329e-17 0.000806714 0.000355092 0.0623854 0.0160243 4.05062e-11 3.46691e-13 0.00538424 1.84237e-08 0.164053 2.64798e-16 0.00617286 3.26944e-11 0.00170856 0.0427338 0.000380338 5.88143e-05 4.7959e-10 0.0966737 0.0312048 2.04737e-06 4.546e-06 1.35605e-09 3.93593e-12 0.001441 0.267361 6.40524e-10 0.00619397 1.7325e-06 1.11801e-07 1.28953e-06 2.51243e-06 0.0695996 0.74624 
0.00561803 2.08525e-08 5.09588e-17 0.0101352 1.03657e-07 0.10163 5.35017e-05 0.0119821 0.0030066 0.0024042 0.0426689 0.0120561 9.41154e-07 1.68832e-08 8.10738e-10 7.3219e-09 0.12898 2.14354e-16 1.66319e-21 1.11628e-07 0.000302459 0.0282259 1.12841e-07 5.09762e-09 8.50933e-05 0.130438 0.0801266 1.07781e-09 3.01364e-12 0.00119716 0.000259606 3.56751e-10 0.392566 0.0063937 6.63315e-06 2.90831e-08 1.23741e-06 1.9294e-06 1.25762e-16 0.318493 0.856772 
0.00733667 4.37168e-05 0.00979074 0.00237436 0.00189526 0.0511177 5.2045e-07 0.00413482 0.000849553 1.26678e-16 0.0406633 0.00726657 0.000172967 2.73227e-05 6.73671e-10 0.00313342 0.146467 1.05094e-06 2.34797e-06 6.13251e-10 1.73112e-12 0.0341568 0.000631692 0.000127556 5.43968e-11 0.167841 0.00218255 2.46118e-06 4.09857e-08 5.16975e-07 8.05042e-07 3.90061e-17 0.300323 0.000300439 6.08211e-10 2.90317e-09 0.00401104 8.06345e-07 6.25122e-06 0.651279 1.00171 
0.00435399 5.35672e-07 0.00116888 4.79653e-07 0.00217715 0.0302723 4.75201e-08 0.000124647 1.9976e-05 4.88031e-10 0.0837442 0.0219527 1.74918e-09 8.63294e-05 1.11871e-06 1.84866e-05 0.182745 3.40501e-09 4.90674e-13 3.8007e-07 0.00183414 0.0111015 1.56252e-07 1.39402e-05 0.000331617 0.16175 1.72798e-08 0.000109412 0.000402259 6.30225e-05 3.17774e-06 4.36203e-06 0.221511 0.00188225 7.23148e-20 0.0155759 6.94299e-05 3.23095e-14 9.45384e-12 0.0506396 0.839326 
0.0143246 1.26752e-11 2.82378e-10 6.97075e-08 8.3139e-10 0.107196 3.28729e-06 1.39021e-06 0.00255727 5.68172e-15 0.0984757 0.0287353 0.0151197 3.92492e-10 1.07832e-12 0.000369721 0.181063 1.33775e-10 0.00133738 1.40803e-06 2.36518e-08 0.0322322 0.00219891 8.26028e-05 5.58053e-11 0.0792822 1.81982e-08 0.000114581 0.00042176 6.50297e-05 3.24395e-06 4.45932e-06 0.29215 0.00197993 7.60675e-20 0.0468366 7.76061e-14 8.53834e-09 1.31231e-11 0.000231018 0.570085 
0.00266074 0.000117949 5.62946e-07 1.21424e-06 3.12318e-10 0.18522 0.000192963 1.90405e-09 9.48748e-05 1.21907e-06 0.0482843 0.0345019 0.00854546 1.97092e-07 2.87676e-07 1.31535e-17 0.234005 7.92615e-05 1.65336e-10 2.99363e-09 0.00107245 0.0660798 2.23365e-07 1.44466e-06 1.99656e-05 0.155533 0.000695154 0.0128224 6.9841e-10 1.18147e-06 6.56514e-05 3.95133e-14 0.125806 0.00135498 0.0405714 0.0429862 1.76419e-17 0.0035927 2.34527e-13 0.293936 0.653364 
0.00404797 1.22193e-05 2.47823e-06 1.24515e-07 1.57744e-09 0.10101 1.11574e-06 1.82806e-05 0.000128755 2.25219e-09 0.0346036 0.0116638 2.36509e-14 1.17619e-23 5.22047e-15 0.00013916 0.117417 1.14833e-08 6.86316e-05 0.000250007 3.38903e-05 0.071213 5.13465e-05 0.00050813 0.00290043 0.0591837 0.0454737 0.0472662 4.88716e-13 4.02731e-20 0.0346874 4.18547e-05 0.453532 0.00411736 0.0888303 0.0807442 2.96513e-09 0.000134515 1.94735e-08 0.730933 0.406342 
0.00415918 1.895e-05 0.000129116 2.25849e-09 3.13701e-13 0.078393 1.05604e-17 4.56218e-15 0.000123903 1.7346e-09 0.0265889 0.052071 1.30795e-07 8.61128e-07 3.60867e-05 3.27084e-05 0.246842 0.00757964 4.11495e-10 6.14467e-07 3.29787e-05 0.0382078 2.35675e-09 2.66319e-12 1.03659e-13 0.0880451 0.146752 0.0336079 6.61343e-19 3.46487e-05 0.0104154 1.49886e-09 0.254916 0.00140083 0.203596 2.91034e-09 0.00681071 3.13404e-22 3.02209e-14 1.55712 0.607555 
0.00745084 8.01529e-08 7.15093e-06 0.000509814 0.000158225 0.0626769 9.66631e-08 6.2519e-07 2.67384e-05 2.3942e-05 0.0326978 0.0642731 2.52611e-10 3.78053e-07 1.99721e-05 1.1283e-14 0.243206 0.000385691 0.011906 1.04162e-05 3.13058e-05 0.113725 0.00152268 4.44042e-19 6.85372e-06 0.0397142 0.0308546 1.12548e-06 0.00249356 1.219e-22 0.0498191 0.00155681 0.204101 4.26263e-05 0.0145583 1.20572e-11 5.78277e-08 0.00223153 0.000173565 0.987933 0.615923 
0.00447786 8.55902e-08 5.53573e-07 2.29209e-05 2.05237e-05 0.0998509 0.00396432 2.09802e-10 3.18234e-07 1.66309e-05 0.0124329 0.0227434 5.13671e-15 1.37015e-12 1.61562e-13 2.54377e-18 0.213518 0.000180814 6.50002e-12 1.03324e-08 0.000750092 0.260028 5.24857e-05 9.45444e-08 3.69531e-08 0.00397141 0.0389215 0.000576573 4.10879e-09 0.00277067 0.196126 8.07693e-06 0.19044 4.78243e-05 2.00374e-07 5.67468e-09 1.92426e-10 0.000437598 0.000172438 0.840032 0.730552 
0.00453596 0.000219812 8.44501e-21 0.00680318 7.61808e-06 0.11944 0.0193896 1.41099e-05 8.22887e-21 0.000464115 0.0393631 0.0418673 1.2745e-06 1.72077e-07 2.49493e-05 4.53981e-08 0.127566 2.4243e-07 5.68151e-08 5.95321e-07 0.0013226 0.224712 3.95473e-06 1.24977e-07 1.57153e-08 8.85777e-06 0.178739 1.7065e-11 2.11191e-08 0.000875405 0.0963887 2.5121e-22 0.189336 0.0078357 0.0610614 0.000185086 7.82571e-14 0.0120707 4.2219e-06 0.748852 0.719156 
0.00468127 0.00680826 7.62376e-06 0.0428016 0.000554224 0.0225582 0.0173828 0.00661456 3.41442e-07 0.000735921 0.0731076 0.0512995 0.000987937 7.56106e-06 3.20213e-08 3.40072e-09 0.101682 1.16736e-13 0.00402325 1.38814e-07 4.49888e-06 0.216958 4.73877e-05 0.0208253 7.00792e-12 0.00022014 0.0162563 2.78569e-06 9.31426e-13 0.0021029 0.0585015 3.14359e-07 0.0740574 6.24082e-07 0.041749 0.000151195 1.51365e-05 0.00458853 0.00119547 0.100212 0.674968 
0.00444476 0.0121548 7.46876e-21 0.0462843 1.32945e-14 0.0266124 0.0033587 0.00766509 0.000663104 1.93374e-19 0.0235784 0.114871 4.1261e-10 1.76448e-05 1.68407e-09 0.00100206 0.18505 2.81016e-06 9.12511e-08 3.48679e-08 6.74779e-06 0.238167 1.35734e-11 0.00368783 4.0043e-05 3.50958e-05 0.107046 9.24279e-13 0.0018518 3.35047e-08 0.109401 9.8193e-09 0.0992727 0.000310857 0.0995423 1.90221e-08 0.00350509 2.91851e-08 0.000316976 0.0294329 0.790378 
2.15347e-07 0.0185074 0.000531683 0.0105779 0.00573891 0.0842271 0.00868947 1.14996e-09 0.000700054 2.97553e-23 0.00555617 0.0289359 1.9688e-06 6.35565e-08 2.41812e-08 4.59429e-06 0.199081 8.76235e-12 1.0882e-08 0.000394833 2.34223e-05 0.0552995 4.5787e-05 0.0201219 6.77088e-12 0.000212704 0.0160004 2.7007e-06 9.02275e-13 0.00204553 0.030097 2.95856e-07 0.0678735 5.35742e-07 0.101515 0.000147784 1.47969e-05 0.00447736 0.00111421 0.0265352 0.875132 
5.95284e-11 0.0165477 0.000139348 0.0189587 9.73035e-10 0.0730941 0.0171358 1.48348e-06 4.85588e-08 1.82947e-08 0.011504 0.0502521 2.75088e-09 2.39552e-11 5.09897e-05 1.5055e-05 0.105415 3.16955e-05 0.0144143 1.47453e-11 0.000160279 0.0214426 1.99125e-06 0.000167986 9.8663e-05 0.0038922 0.0323268 4.7252e-05 0.000123653 0.00592649 3.30776e-08 0.00163375 0.0304519 5.55113e-05 0.190765 1.56072e-10 0.0183016 3.14531e-09 2.40779e-05 0.156827 0.966692 
5.50579e-24 0.00376754 3.63398e-09 0.00456245 0.000220507 0.0459666 0.0159889 3.05252e-06 4.52769e-12 5.45856e-09 0.007372 0.0526337 4.62503e-23 0.000149849 0.00101943 0.0080125 0.182468 8.53932e-06 0.00600355 4.69574e-13 0.000949456 0.0381288 1.23337e-07 9.32971e-10 0.0015094 3.2915e-05 0.0759605 0.00463216 2.46131e-08 0.0311268 1.20259e-08 0.000106553 0.0239854 0.00224285 0.116321 4.60684e-06 2.95211e-07 0.00324856 0.0154667 0.377056 0.980188 
9.35675e-09 0.0052397 0.00149564 0.00676883 1.83996e-09 0.0254442 0.00922008 0.000192102 1.14596e-05 3.9082e-23 0.0068309 0.0810733 5.29211e-06 0.00816613 9.28466e-05 0.00221561 0.174272 0.00194149 0.000229678 0.00306913 3.80456e-09 0.0171908 8.72889e-05 0.00358159 0.00111215 0.00023328 0.0725838 9.10608e-09 7.74334e-05 0.00197905 0.00160323 1.10792e-08 0.0477699 0.00473908 0.0919515 2.00136e-07 0.0413547 0.00446186 2.97645e-05 0.580322 1.1303 
1.05176e-14 0.00855041 0.00509023 0.0192649 3.17649e-05 0.036627 3.58577e-06 0.00540678 6.32071e-05 6.71657e-15 0.0186801 0.0588453 0.000536765 0.00151187 6.10277e-08 4.65525e-10 0.173892 2.35817e-05 6.25573e-05 0.00259945 1.40526e-08 0.050294 5.73005e-09 0.0104673 2.7692e-07 1.46288e-10 0.102732 9.13145e-10 6.00847e-06 1.14265e-07 0.00127503 0.00564274 0.165805 0.000729695 0.158864 0.0282281 0.083336 0.000948599 6.59977e-07 0.596025 0.568995 
0.00189759 0.00825938 1.26732e-05 0.0100869 0.00111123 0.0544842 6.34881e-09 0.0057009 8.58568e-08 1.57019e-05 0.0717158 0.0247622 2.5258e-05 0.000643034 0.0001154 1.57189e-05 0.163902 1.4363e-10 0.00435126 7.08926e-10 4.70198e-06 0.0318376 2.30348e-07 0.0419349 0.000416478 7.36065e-06 0.196297 1.28783e-07 0.0547201 0.0469303 0.000534018 3.79905e-07 0.0946517 3.46265e-09 0.136435 0.000603083 0.0188021 1.9669e-05 2.52222e-07 2.04019 0.188119 
0.00282211 0.011824 1.05949e-08 0.00204169 2.43037e-09 0.0735661 5.47517e-05 0.00224654 1.19845e-08 0.000555044 0.047536 0.0337712 1.02685e-08 0.00374935 6.09492e-10 3.98219e-06 0.259801 2.48773e-07 0.0132373 0.00136394 8.25672e-06 0.0454953 1.06209e-07 0.136653 0.0114534 0.000366492 0.0742609 5.25574e-06 0.00348953 0.00379527 1.48107e-05 0.000301739 0.11853 1.60164e-05 0.0629979 2.47788e-06 4.46294e-09 0.00463975 9.77716e-07 3.93851 0.667461 
0.001137 0.0132494 0.00150634 7.82262e-09 0.000362294 0.0577627 1.09712e-05 6.25594e-06 3.87692e-12 3.00002e-10 0.0443873 0.00461518 0.000247765 0.0174845 1.31429e-07 0.0068963 0.227013 5.91693e-06 0.000126213 7.24808e-08 0.0308868 0.0548651 0.000262149 0.0522937 0.00897966 1.42271e-13 0.17092 0.000428539 2.1958e-07 1.02688e-07 1.56922e-05 0.00777078 0.155319 2.15828e-09 0.00565526 1.2162e-07 0.0403176 0.100365 0.000972206 1.75061 0.591316 
9.18947e-05 0.0273284 5.93092e-09 0.00213021 3.41524e-10 0.074783 0.000212476 0.00236694 0.00574032 0.000579199 0.0320678 0.000185733 5.78451e-06 0.0105903 0.000156478 1.04249e-07 0.201549 9.65195e-10 0.0113784 0.000589096 0.0178047 0.027145 2.85346e-05 0.0321445 8.79824e-07 1.19396e-09 0.111977 1.89498e-07 0.016244 0.0432966 0.000339696 0.0409134 0.368783 1.43139e-11 0.00068253 0.00094274 0.000157116 0.00123779 7.85521e-05 1.52626 0.848378 
5.5971e-11 0.0145591 1.84213e-06 2.96561e-08 0.000305094 0.0719959 0.00279505 0.000133274 0.00387215 0.0256997 0.0797318 0.000124146 8.25228e-08 0.002212 5.46801e-10 0.00631686 0.209658 4.8471e-06 0.0111705 0.000205594 3.85394e-06 0.00343123 2.05011e-06 0.0234005 1.79713e-10 3.09473e-05 0.123198 0.000324728 6.31404e-06 0.000224208 1.24675e-06 0.0657959 0.285867 0.00160491 0.000981466 1.05031e-05 0.0126596 5.53635e-06 1.16103e-05 4.55719 0.512374 
0.000127596 0.0267135 0.000152995 4.71733e-06 7.80043e-08 0.0457004 0.0031198 2.7916e-13 6.30722e-14 0.0178475 0.0558907 2.75519e-06 2.59219e-08 0.0264776 0.000542518 0.00268725 0.185685 1.17847e-07 0.0309471 0.0104889 0.0250218 0.000191908 0.000717663 0.00824325 0.000821595 0.000506561 0.157838 9.68498e-05 1.75517e-05 0.00612891 2.64065e-06 4.4251e-06 0.414681 2.89311e-09 0.0917809 7.53089e-05 1.24477e-06 0.00388644 4.31855e-05 3.00156 0.780773 
2.40476e-05 0.012412 1.13763e-06 4.10667e-10 0.00470112 0.0957769 2.72782e-06 5.08883e-05 0.000110392 1.99699e-06 0.0147743 1.0958e-06 5.0084e-10 0.0450883 6.72124e-08 0.00565645 0.246829 0.000134424 0.0339669 0.000571871 3.1141e-12 0.000153355 0.00078086 0.0683592 1.13267e-05 0.000246365 0.147293 3.1402e-06 4.02695e-08 6.7446e-06 4.96076e-12 0.000133811 0.0802147 2.60629e-06 0.136555 2.43039e-15 1.84431e-08 0.00012618 0.00125188 1.03139 0.656424 
0.00337691 0.0132491 1.84453e-06 1.71616e-08 0.016987 0.0893596 0.00189229 2.8999e-10 2.54556e-10 1.46298e-05 0.03295 0.000119398 2.28303e-06 0.0744905 4.12417e-07 3.69962e-05 0.214955 0.000371575 0.0146739 5.55091e-05 1.0092e-05 0.00316884 1.28518e-06 0.0073759 0.000583115 2.78756e-12 0.200012 4.47548e-07 0.00132325 1.01835e-05 9.40057e-06 5.63876e-15 0.00650285 4.89285e-08 0.0842828 2.27549e-06 0.00278039 0.00606592 0.002881 4.60749 0.351067 
0.00895331 0.011316 3.11448e-10 2.6454e-10 0.0149285 0.120735 0.000130959 2.48015e-06 7.70265e-05 3.96839e-07 0.0438477 0.00138816 0.000289185 0.0257659 4.24181e-05 7.55771e-06 0.293901 1.29336e-06 0.00763259 0.00182487 2.99527e-12 0.0149227 3.36674e-07 0.000966662 2.12441e-06 5.48062e-06 0.115869 0.000173783 3.07531e-08 2.88326e-09 1.40778e-07 0.00909966 0.000293949 0.0013569 0.404466 1.23502e-05 1.89796e-10 7.31451e-08 0.000878545 2.80956 0.368896 
0.00501709 0.00935714 1.75146e-12 8.35146e-05 0.0216263 0.184003 2.04151e-05 0.000148183 6.06063e-06 0.00183626 0.0440613 2.57608e-06 1.78686e-12 0.0220161 1.98678e-07 0.000577861 0.210243 6.20528e-06 8.77483e-06 9.96651e-05 1.75374e-08 0.0278013 2.72607e-06 0.000837237 0.000566047 0.000609915 0.16845 0.0079897 0.00905772 3.64435e-16 0.000329468 8.32612e-10 6.24335e-16 5.12896e-21 0.228258 0.000283578 0.0052508 2.02093e-09 0.00602563 0.0684625 0.344675 
0.00325891 0.00365667 9.92745e-07 0.00259653 0.000861181 0.129479 2.32228e-07 1.45361e-10 2.26431e-08 5.39231e-07 0.026242 1.60969e-15 3.10544e-09 0.0562465 0.000239971 0.000178772 0.207861 0.00010476 0.000471122 0.0084713 1.22977e-05 0.038186 6.42906e-13 0.00659604 7.80395e-17 0.00020072 0.09217 0.0346365 0.0385651 0.000497756 0.00244577 9.35506e-10 0.00170914 7.06402e-10 0.397095 0.0146962 8.73316e-08 0.0107795 3.97729e-11 0.0649259 0.390823 
0.00387295 1.25165e-10 1.89344e-08 4.50911e-07 3.09111e-06 0.0856995 2.62441e-09 1.67139e-05 0.00013739 1.27999e-06 0.0246713 0.000856149 0.000311335 0.0811481 0.00340842 0.00379738 0.116575 0.00225943 0.00098379 0.052529 2.10675e-10 0.17751 2.20266e-08 0.00249075 1.61377e-12 7.08044e-07 0.0966694 0.059383 0.0149995 1.35805e-05 0.0137085 0.00370893 0.00813473 0.00335924 0.415854 0.031283 1.3342e-05 0.000803054 0.000588362 0.56967 0.339808 
0.00590303 0.000167486 0.000123149 1.14732e-06 0.000352366 0.113523 0.000286972 3.21261e-05 0.00281117 0.0030923 0.0116105 0.00152936 0.000656704 0.136044 1.49044e-10 1.47365e-21 0.0652724 0.00021456 0.00102225 0.0101337 0.00316175 0.221338 1.20219e-05 0.000877324 2.3538e-05 5.15184e-12 0.146954 0.084471 0.000465085 0.00157833 5.05002e-11 6.40903e-07 0.00825605 0.00341202 0.314678 0.0299521 1.24604e-05 0.000745538 0.000458327 0.650885 0.209911 
0.00206594 3.40105e-15 5.85137e-08 1.94783e-14 0.00129849 0.118407 0.0126898 1.23038e-10 1.23375e-21 1.12528e-12 0.0235842 0.000772546 2.75929e-10 0.156281 2.10051e-10 0.00324784 0.0808936 1.75774e-08 0.00202992 0.00842264 0.000255259 0.245258 3.53957e-07 0.00395753 0.000518375 3.91032e-06 0.10941 0.0143073 7.52734e-10 4.17661e-07 0.00723293 0.000174786 0.0171451 1.38544e-09 0.436792 0.0124785 6.30176e-07 0.000131073 0.017719 0.284082 0.425963 
0.00123117 8.52433e-13 2.14536e-07 4.47142e-07 0.0175913 0.0986471 0.000355029 1.39663e-10 0.00219426 5.1068e-05 0.00928651 2.74066e-10 2.26088e-05 0.110903 0.00554854 0.00698361 0.0264533 1.16832e-11 2.2753e-13 0.00128472 1.86483e-05 0.182154 0.000142455 0.000211696 2.81607e-05 0.00131844 0.0682724 2.63449e-12 2.29087e-05 1.91277e-05 1.65966e-19 5.58989e-26 0.19503 0.000664609 0.136804 0.0177876 0.0235843 8.20294e-08 9.66863e-12 0.49742 0.70941 
0.0040303 9.91793e-11 0.00151043 3.51531e-05 0.0116394 0.0466291 2.71073e-07 7.37403e-09 0.00331656 3.01278e-06 0.041898 9.61723e-10 6.89047e-12 0.069217 0.000622993 0.000770245 0.0480436 0.00287932 2.0939e-06 0.000117102 4.79436e-05 0.259539 3.04331e-05 1.80007e-12 5.07016e-06 1.11131e-05 0.291015 4.0615e-05 0.00343082 6.60816e-09 0.0106195 3.66364e-08 0.0162692 0.000308761 0.270672 0.00522641 3.81688e-05 0.00173887 3.44332e-06 1.53206 0.835672 
0.00258619 9.12876e-05 0.00711739 9.61095e-08 0.00107458 0.0809438 5.91502e-05 5.23027e-08 6.57206e-19 0.00340366 0.0300745 1.2784e-05 7.62624e-13 0.0710604 0.00351655 2.7277e-10 0.0895909 2.8651e-05 9.41159e-08 1.82346e-05 0.00154181 0.107836 8.11527e-09 4.23222e-05 3.48628e-05 0.00644008 0.154557 1.45171e-05 0.000631634 1.15008e-06 0.0665357 4.77787e-08 0.0115191 4.18889e-05 0.288092 9.24712e-09 0.0200549 5.15762e-06 0.000233789 4.13144 0.726912 
0.000543287 0.000364593 0.00828433 5.6488e-05 4.99487e-08 0.107495 6.85442e-19 0.00354989 0.000457583 1.2464e-05 0.00813568 0.00313678 2.43041e-10 0.107834 2.66077e-05 8.59958e-08 0.105066 0.00167207 2.85065e-09 0.00434313 1.43744e-08 0.0768544 0.000117685 0.00725462 1.37016e-07 0.00788809 0.110717 0.043148 2.1456e-05 0.0356659 0.032278 0.0125592 0.00198936 2.99005e-07 0.0728901 0.00157504 9.32431e-05 0.000781507 0.00632306 1.0553 0.717175 
0.00709797 0.0012624 0.0125889 0.00244675 1.87846e-10 0.12791 2.01145e-05 6.43116e-08 1.27358e-05 0.001047 0.00662596 0.00144467 9.34111e-09 0.0222088 6.59532e-05 0.0041091 0.135578 7.71602e-06 0.000336547 0.00497348 0.000531564 0.175522 1.43424e-05 0.0202993 3.49315e-09 0.0329449 0.068235 0.0065035 6.93693e-09 0.0423681 0.0227669 0.0193628 1.03051e-08 0.0026328 0.0344207 2.80049e-06 0.0008913 3.10142e-07 0.00781472 3.53369 0.726548 
0.00788435 0.00241282 0.00438771 0.0153849 0.000915416 0.0494776 3.90829e-09 2.03822e-05 5.20499e-05 0.00320858 0.00966323 0.0134402 0.000160103 0.0105057 5.28368e-06 0.000353482 0.270053 1.08597e-05 0.0158498 0.00250856 0.00436401 0.0597203 9.36232e-08 0.0210175 0.000554514 0.0324732 0.0302613 4.85272e-09 0.00120279 0.00221414 5.57588e-06 0.0825287 8.1894e-07 2.00917e-07 0.229359 0.000233285 0.0126219 0.00183737 0.000163363 1.86502 0.740521 
0.00082121 8.58241e-05 0.00930416 0.0236858 0.00225656 0.0304267 4.86191e-05 0.00299709 1.75335e-07 0.00330807 0.00159516 0.0460268 6.70899e-06 0.0766091 5.4032e-09 0.00297427 0.142931 7.04706e-08 0.00729685 0.0190915 0.00954997 0.023502 3.44347e-09 0.000831406 6.9975e-11 0.109012 0.00704317 0.00575329 6.63717e-06 0.0123232 2.99202e-08 0.0054733 0.000989183 7.18401e-05 0.331267 6.36846e-13 0.000294771 2.89968e-05 0.00180582 2.16707 0.861758 
0.00185132 1.20618e-06 0.000964695 0.0104651 0.000152625 0.0263161 0.000241365 0.0231735 5.54564e-06 0.0213476 4.35499e-09 0.0706059 6.2466e-07 0.0458093 1.12601e-07 0.00142366 0.0452905 0.000116372 0.0144243 0.041903 0.004547 0.0245225 1.98833e-08 2.67034e-06 7.12793e-05 0.0963221 0.0103313 0.0229706 0.00316141 0.00847123 0.000851236 6.37713e-05 0.00477595 1.6049e-12 0.263677 0.00115859 2.78638e-05 0.00147567 0.00471055 0.0458755 1.16742 
0.00143801 0.000173379 0.00782716 0.0179016 7.98164e-10 0.0380741 0.000203495 0.00542514 1.44735e-09 0.0304124 8.25181e-06 0.0284467 0.000377834 0.0297631 0.00247938 0.00160837 0.0218499 2.57188e-07 0.068968 0.127109 0.0124391 0.04092 0.00282236 0.000381992 8.88064e-06 0.0633295 0.0258692 0.00935391 0.000444638 0.00128174 9.40937e-12 0.000553812 4.66233e-08 2.72734e-09 0.171248 0.00171086 0.00162867 0.0291068 3.71831e-06 0.130488 1.06533 
0.000904589 0.00144655 0.0126252 0.00995655 1.41551e-09 0.0426445 7.53181e-06 5.83582e-05 0.000334995 0.0201854 0.00211488 0.0513782 9.2782e-09 0.018657 2.81173e-15 5.77634e-10 0.0529474 2.4255e-06 0.0499533 0.0715748 0.00392184 0.0343903 2.69702e-05 0.00179178 1.9239e-13 0.10383 0.0249526 9.3084e-06 0.000468658 0.00134121 9.79163e-12 0.000577879 4.88858e-08 2.86505e-09 0.166915 0.00177828 0.00169255 0.030325 4.05671e-06 0.130516 1.20086 
0.000519151 9.16532e-10 0.0117256 0.00290294 8.16989e-07 0.0335618 9.44472e-08 2.20873e-08 0.000450277 0.053121 8.55807e-05 0.0708308 0.00195883 0.000186402 1.30872e-05 0.000876225 0.050591 3.78629e-12 0.0599081 0.0234041 0.000585966 0.0140525 0.000273305 0.000650467 1.44766e-12 0.120776 2.52943e-08 1.56054e-09 2.37985e-05 3.79884e-09 0.0108828 1.23249e-09 0.0102034 0.000400357 0.139262 1.38334e-07 9.60482e-10 4.10684e-08 2.96212e-13 0.394821 0.837782 
